0.100000 2.898258 -1.038176
0.200000 2.791693 -1.096513
0.300000 2.678269 -1.175449
0.400000 2.555903 -1.275399
0.500000 2.422482 -1.396567
0.600000 2.275891 -1.538681
0.700000 2.114083 -1.700633
0.800000 1.935181 -1.880015
0.900000 1.737636 -2.072603
1.000000 1.520435 -2.271851
1.100000 1.283346 -2.468599
1.200000 1.027184 -2.651202
1.300000 0.754020 -2.806373
1.400000 0.467271 -2.920817
1.500000 0.171590 -2.983494
1.600000 -0.127475 -2.987896
1.700000 -0.424021 -2.933553
1.800000 -0.712409 -2.826147
1.900000 -0.987827 -2.676184
2.000000 -1.246663 -2.496774
2.100000 -1.486649 -2.301330
2.200000 -1.706797 -2.101810
2.300000 -1.907198 -1.907765
2.400000 -2.088766 -1.726115
2.500000 -2.252988 -1.561399
2.600000 -2.401700 -1.416258
2.700000 -2.536935 -1.291962
2.800000 -2.660800 -1.188881
2.900000 -2.775413 -1.106863
3.000000 -2.882861 -1.045511
3.100000 -2.985188 -1.004380
3.200000 -3.084398 -0.983105
3.300000 -3.182463 -0.981476
3.400000 -3.281347 -0.999477
3.500000 -3.383018 -1.037286
3.600000 -3.489475 -1.095248
3.700000 -3.602754 -1.173800
3.800000 -3.724935 -1.273361
3.900000 -3.858133 -1.394138
4.000000 -4.004462 -1.535873
4.100000 -4.165972 -1.697476
4.200000 -4.344543 -1.876570
4.300000 -4.541732 -2.068965
4.400000 -4.758566 -2.268166
4.500000 -4.995292 -2.465057
4.600000 -5.251116 -2.648039
4.700000 -5.523993 -2.803839
4.800000 -5.810530 -2.919145
4.900000 -6.106095 -2.982852
5.000000 -6.405150 -2.988352
5.100000 -6.701795 -2.935059
5.200000 -6.990380 -2.828548
5.300000 -7.266074 -2.679255
5.400000 -7.525240 -2.500265
5.500000 -7.765586 -2.305002
5.600000 -7.986102 -2.105463
5.700000 -8.186860 -1.911247
5.800000 -8.368764 -1.729320
5.900000 -8.533289 -1.564262
6.000000 -8.682269 -1.418745
6.100000 -8.817733 -1.294058
6.200000 -8.941788 -1.190586
6.300000 -9.056552 -1.108183
6.400000 -9.164113 -1.046453
6.500000 -9.266516 -1.004952
6.600000 -9.365765 -0.983312
6.700000 -9.463833 -0.981320
6.800000 -9.562682 -0.998957
6.900000 -9.664284 -1.036397
7.000000 -9.770633 -1.093981
7.100000 -9.883765 -1.172149
7.200000 -10.005762 -1.271317
7.300000 -10.138736 -1.391701
7.400000 -10.284802 -1.533055
7.500000 -10.446012 -1.694306
7.600000 -10.624250 -1.873107
7.700000 -10.821083 -2.065307
7.800000 -11.037547 -2.264455
7.900000 -11.273907 -2.461489
8.000000 -11.529391 -2.644846
8.100000 -11.801978 -2.801275
8.200000 -12.088300 -2.917444
8.300000 -12.383745 -2.982185
8.400000 -12.682790 -2.988791
8.500000 -12.979532 -2.936556
8.600000 -13.268313 -2.830950
8.700000 -13.544284 -2.682336
8.800000 -13.803782 -2.503773
8.900000 -14.044490 -2.308697
9.000000 -14.265375 -2.109141
9.100000 -14.466494 -1.914754
9.200000 -14.648735 -1.732551
9.300000 -14.813566 -1.567150
9.400000 -14.962817 -1.421255
9.500000 -15.098512 -1.296176
9.600000 -15.222759 -1.192310
9.700000 -15.337676 -1.109518
9.800000 -15.445352 -1.047407
9.900000 -15.547832 -1.005534
10.000000 -15.647120 -0.983527
10.100000 -15.745191 -0.981171
10.200000 -15.844007 -0.998440
10.300000 -15.945538 -1.035509
10.400000 -16.051780 -1.092714
10.500000 -16.164766 -1.170493
10.600000 -16.286578 -1.269267
10.700000 -16.419327 -1.389256
10.800000 -16.565129 -1.530225
10.900000 -16.726038 -1.691122
11.000000 -16.903943 -1.869626
11.100000 -17.100416 -2.061627
11.200000 -17.316508 -2.260721
11.300000 -17.552500 -2.457893
11.400000 -17.807641 -2.641624
11.500000 -18.079935 -2.798680
11.600000 -18.366039 -2.915714
11.700000 -18.661362 -2.981494
11.800000 -18.960393 -2.989212
11.900000 -19.257231 -2.938044
12.000000 -19.546209 -2.833352
12.100000 -19.822456 -2.685426
12.200000 -20.082287 -2.507297
12.300000 -20.323359 -2.312413
12.400000 -20.544616 -2.112844
12.500000 -20.746098 -1.918288
12.600000 -20.928680 -1.735808
12.700000 -21.093820 -1.570064
12.800000 -21.243343 -1.423788
12.900000 -21.379272 -1.298314
13.000000 -21.503713 -1.194052
13.100000 -21.618785 -1.110868
13.200000 -21.726576 -1.048375
13.300000 -21.829134 -1.006127
13.400000 -21.928463 -0.983751
13.500000 -22.026538 -0.981027
13.600000 -22.125322 -0.997928
13.700000 -22.226783 -1.034622
13.800000 -22.332916 -1.091446
13.900000 -22.445757 -1.168835
14.000000 -22.567383 -1.267212
14.100000 -22.699907 -1.386803
14.200000 -22.845444 -1.527384
14.300000 -23.006050 -1.687923
14.400000 -23.183619 -1.866129
14.500000 -23.379732 -2.057927
14.600000 -23.595450 -2.256963
14.700000 -23.831070 -2.454270
14.800000 -24.085866 -2.638372
14.900000 -24.357864 -2.796055
15.000000 -24.643747 -2.913955
15.100000 -24.938945 -2.980778
15.200000 -25.237960 -2.989614
15.300000 -25.534893 -2.939522
15.400000 -25.824067 -2.835754
15.500000 -26.100591 -2.688525
15.600000 -26.360756 -2.510838
15.700000 -26.602193 -2.316151
15.800000 -26.823826 -2.116572
15.900000 -27.025673 -1.921849
16.000000 -27.208598 -1.739092
16.100000 -27.374050 -1.573002
16.200000 -27.523848 -1.426345
16.300000 -27.660012 -1.300474
16.400000 -27.784650 -1.195812
16.500000 -27.899877 -1.112235
16.600000 -28.007786 -1.049357
16.700000 -28.110423 -1.006731
16.800000 -28.209794 -0.983983
16.900000 -28.307874 -0.980889
17.000000 -28.406625 -0.997419
17.100000 -28.508017 -1.033737
17.200000 -28.614043 -1.090177
17.300000 -28.726737 -1.167174
17.400000 -28.848177 -1.265151
17.500000 -28.980474 -1.384342
17.600000 -29.125746 -1.524533
17.700000 -29.286048 -1.684711
17.800000 -29.463281 -1.862614
17.900000 -29.659031 -2.054207
18.000000 -29.874372 -2.253180
18.100000 -30.109619 -2.450619
18.200000 -30.364066 -2.635090
18.300000 -30.635765 -2.793400
18.400000 -30.921424 -2.912166
18.500000 -31.216495 -2.980037
18.600000 -31.515491 -2.989998
18.700000 -31.812518 -2.940990
18.800000 -32.101887 -2.838155
18.900000 -32.378688 -2.691633
19.000000 -32.639188 -2.514394
19.100000 -32.880994 -2.319910
19.200000 -33.103004 -2.120326
19.300000 -33.305219 -1.925437
19.400000 -33.488489 -1.742402
19.500000 -33.654255 -1.575966
19.600000 -33.804331 -1.428925
19.700000 -33.940734 -1.302654
19.800000 -34.065569 -1.197591
19.900000 -34.180954 -1.113617
20.000000 -34.288982 -1.050351
