0.100000 1.990901 -0.182110
0.200000 1.963529 -0.365691
0.300000 1.917670 -0.552041
0.400000 1.852996 -0.742097
0.500000 1.769114 -0.936218
0.600000 1.665631 -1.133936
0.700000 1.542257 -1.333687
0.800000 1.398921 -1.532546
0.900000 1.235925 -1.726027
1.000000 1.054096 -1.908044
1.100000 0.854946 -2.071139
1.200000 0.640775 -2.207060
1.300000 0.414712 -2.307708
1.400000 0.180639 -2.366328
1.500000 -0.057005 -2.378675
1.600000 -0.293517 -2.343825
1.700000 -0.524278 -2.264359
1.800000 -0.745084 -2.145856
1.900000 -0.952398 -1.995869
2.000000 -1.143485 -1.822709
2.100000 -1.316434 -1.634344
2.200000 -1.470078 -1.437624
2.300000 -1.603860 -1.237877
2.400000 -1.717678 -1.038824
2.500000 -1.811725 -0.842709
2.600000 -1.886353 -0.650534
2.700000 -1.941965 -0.462339
2.800000 -1.978932 -0.277459
2.900000 -1.997530 -0.094760
3.000000 -1.997910 0.087163
3.100000 -1.980073 0.269801
3.200000 -1.943878 0.454565
3.300000 -1.889051 0.642604
3.400000 -1.815224 0.834607
3.500000 -1.721996 1.030571
3.600000 -1.609008 1.229537
3.700000 -1.476059 1.429318
3.800000 -1.323237 1.626260
3.900000 -1.151075 1.815100
4.000000 -0.960712 1.989049
4.100000 -0.754026 2.140169
4.200000 -0.533718 2.260146
4.300000 -0.303292 2.341370
4.400000 -0.066930 2.378156
4.500000 0.170761 2.367784
4.600000 0.405074 2.311031
4.700000 0.631553 2.212016
4.800000 0.846288 2.077409
4.900000 1.046117 1.915281
5.000000 1.228704 1.733896
5.100000 1.392507 1.540761
5.200000 1.536671 1.342026
5.300000 1.660879 1.142243
5.400000 1.765187 0.944400
5.500000 1.849879 0.750113
5.600000 1.915346 0.559890
5.700000 1.961982 0.373400
5.800000 1.990120 0.189727
5.900000 1.999979 0.007584
6.000000 1.991639 -0.174496
6.100000 1.965032 -0.357989
6.200000 1.919950 -0.544202
6.300000 1.856069 -0.734092
6.400000 1.772995 -0.928046
6.500000 1.670337 -1.125637
6.600000 1.547795 -1.325352
6.700000 1.405289 -1.524326
6.800000 1.243100 -1.718141
6.900000 1.062031 -1.900777
7.000000 0.863563 -2.064822
7.100000 0.649962 -2.202042
7.200000 0.424322 -2.304309
7.300000 0.190497 -2.364786
7.400000 -0.047090 -2.379104
7.500000 -0.283743 -2.346194
7.600000 -0.514831 -2.268494
7.700000 -0.736127 -2.151477
7.800000 -0.944064 -2.002637
7.900000 -1.135871 -1.830279
8.000000 -1.309603 -1.642401
8.100000 -1.464066 -1.445912
8.200000 -1.598681 -1.246206
8.300000 -1.713328 -1.047069
8.400000 -1.808192 -0.850804
8.500000 -1.883621 -0.658458
8.600000 -1.940018 -0.470106
8.700000 -1.977755 -0.285108
8.800000 -1.997114 -0.102344
8.900000 -1.998251 0.079582
9.000000 -1.981176 0.262161
9.100000 -1.945750 0.446811
9.200000 -1.891705 0.634697
9.300000 -1.818678 0.826530
9.400000 -1.726265 1.022340
9.500000 -1.614106 1.221215
9.600000 -1.481989 1.421025
9.700000 -1.329987 1.618178
9.800000 -1.158613 1.807482
9.900000 -0.968976 1.982202
10.000000 -0.762922 2.134439
10.100000 -0.543116 2.255874
10.200000 -0.313033 2.338841
10.300000 -0.076828 2.377554
10.400000 0.160901 2.369155
10.500000 0.395447 2.314272
10.600000 0.622335 2.216896
10.700000 0.837627 2.083616
10.800000 1.038128 1.922466
10.900000 1.221468 1.741725
11.000000 1.386074 1.548947
11.100000 1.531065 1.350342
11.200000 1.656104 1.150533
11.300000 1.761235 0.952568
11.400000 1.846736 0.758116
11.500000 1.912995 0.567725
11.600000 1.960408 0.381095
11.700000 1.989310 0.197328
11.800000 1.999926 0.015150
11.900000 1.992344 -0.166904
12.000000 1.966500 -0.350310
12.100000 1.922192 -0.536388
12.200000 1.859100 -0.726113
12.300000 1.776833 -0.919900
12.400000 1.674996 -1.117362
12.500000 1.553285 -1.317036
12.600000 1.411607 -1.516117
12.700000 1.250224 -1.710256
12.800000 1.069917 -1.893496
12.900000 0.872133 -2.058475
13.000000 0.659105 -2.196977
13.100000 0.433894 -2.300846
13.200000 0.200325 -2.363167
13.300000 -0.037199 -2.379450
13.400000 -0.273984 -2.348478
13.500000 -0.505390 -2.272550
13.600000 -0.727170 -2.157028
13.700000 -0.935722 -2.009348
13.800000 -1.128244 -1.837803
13.900000 -1.302756 -1.650423
14.000000 -1.458035 -1.454173
14.100000 -1.593480 -1.254515
14.200000 -1.708955 -1.055299
14.300000 -1.804635 -0.858885
14.400000 -1.880863 -0.666369
14.500000 -1.938043 -0.477860
14.600000 -1.976549 -0.292742
14.700000 -1.996668 -0.109911
14.800000 -1.998561 0.072021
14.900000 -1.982244 0.254544
15.000000 -1.947585 0.439083
15.100000 -1.894320 0.626816
15.200000 -1.822090 0.818480
15.300000 -1.730490 1.014136
15.400000 -1.619157 1.212917
15.500000 -1.487870 1.412748
15.600000 -1.336687 1.610104
15.700000 -1.166100 1.799857
15.800000 -0.977190 1.975334
15.900000 -0.771771 2.128671
16.000000 -0.552473 2.251545
16.100000 -0.322738 2.336241
16.200000 -0.086699 2.376872
16.300000 0.151061 2.370441
16.400000 0.385831 2.317430
16.500000 0.613118 2.221702
16.600000 0.828961 2.089759
16.700000 1.030129 1.929599
16.800000 1.214217 1.749515
16.900000 1.379623 1.557102
17.000000 1.525438 1.358636
17.100000 1.651307 1.158806
17.200000 1.757259 0.960723
17.300000 1.843568 0.766107
17.400000 1.910617 0.575548
17.500000 1.958805 0.388776
17.600000 1.988470 0.204913
17.700000 1.999842 0.022697
17.800000 1.993015 -0.159333
17.900000 1.967933 -0.342655
18.000000 1.924396 -0.528601
18.100000 1.862091 -0.718162
18.200000 1.780628 -0.911782
18.300000 1.679610 -1.109112
18.400000 1.558727 -1.308739
18.500000 1.417875 -1.507921
18.600000 1.257298 -1.702372
18.700000 1.077752 -1.886202
18.800000 0.880655 -2.052098
18.900000 0.668204 -2.191864
19.000000 0.443428 -2.297319
19.100000 0.210121 -2.361473
19.200000 -0.027330 -2.379714
19.300000 -0.264239 -2.350680
19.400000 -0.495957 -2.276528
19.500000 -0.718212 -2.162510
19.600000 -0.927374 -2.016001
19.700000 -1.120605 -1.845281
19.800000 -1.295893 -1.658410
19.900000 -1.451985 -1.462409
20.000000 -1.588257 -1.262804
