0.100000 -2.998586 0.028317
0.200000 -2.994318 0.057196
0.300000 -2.987110 0.087208
0.400000 -2.976819 0.118945
0.500000 -2.963242 0.153033
0.600000 -2.946112 0.190138
0.700000 -2.925090 0.230978
0.800000 -2.899766 0.276336
0.900000 -2.869644 0.327066
1.000000 -2.834143 0.384105
1.100000 -2.792579 0.448472
1.200000 -2.744167 0.521275
1.300000 -2.688004 0.603695
1.400000 -2.623067 0.696970
1.500000 -2.548207 0.802347
1.600000 -2.462154 0.921013
1.700000 -2.363527 1.053981
1.800000 -2.250859 1.201915
1.900000 -2.122642 1.364890
2.000000 -1.977406 1.542067
2.100000 -1.813825 1.731296
2.200000 -1.630872 1.928677
2.300000 -1.428015 2.128177
2.400000 -1.205441 2.321438
2.500000 -0.964283 2.497995
2.600000 -0.706792 2.646083
2.700000 -0.436405 2.754102
2.800000 -0.157631 2.812540
2.900000 0.124257 2.815872
3.000000 0.403687 2.763773
3.100000 0.675322 2.661199
3.200000 0.934544 2.517277
3.300000 1.177780 2.343468
3.400000 1.402637 2.151606
3.500000 1.607858 1.952364
3.600000 1.793155 1.754371
3.700000 1.958987 1.563933
3.800000 2.106334 1.385184
3.900000 2.236493 1.220460
4.000000 2.350927 1.070731
4.100000 2.451140 0.936014
4.200000 2.538610 0.815699
4.300000 2.614728 0.708805
4.400000 2.680779 0.614160
4.500000 2.737926 0.530517
4.600000 2.787207 0.456636
4.700000 2.829538 0.391326
4.800000 2.865721 0.333473
4.900000 2.896447 0.282043
5.000000 2.922312 0.236093
5.100000 2.943819 0.194757
5.200000 2.961390 0.157246
5.300000 2.975371 0.122833
5.400000 2.986038 0.090847
5.500000 2.993600 0.060659
5.600000 2.998209 0.031672
5.700000 2.999956 0.003313
5.800000 2.998874 -0.024980
5.900000 2.994943 -0.053768
6.000000 2.988085 -0.083622
6.100000 2.978164 -0.115131
6.200000 2.964983 -0.148915
6.300000 2.948283 -0.185636
6.400000 2.927735 -0.226005
6.500000 2.902935 -0.270798
6.600000 2.873400 -0.320859
6.700000 2.838557 -0.377116
6.800000 2.797737 -0.440578
6.900000 2.750165 -0.512343
7.000000 2.694952 -0.593584
7.100000 2.631091 -0.685534
7.200000 2.557447 -0.789443
7.300000 2.472764 -0.906510
7.400000 2.375672 -1.037775
7.500000 2.264711 -1.183953
7.600000 2.138378 -1.345204
7.700000 1.995190 -1.520813
7.800000 1.833800 -1.708805
7.900000 1.653136 -1.905506
8.000000 1.452598 -2.105144
8.100000 1.232276 -2.299631
8.200000 0.993183 -2.478718
8.300000 0.737435 -2.630728
8.400000 0.468334 -2.743946
8.500000 0.190274 -2.808518
8.600000 -0.091537 -2.818371
8.700000 -0.371535 -2.772551
8.800000 -0.644330 -2.675435
8.900000 -0.905199 -2.535754
9.000000 -1.150437 -2.364800
9.100000 -1.377514 -2.174454
9.200000 -1.585046 -1.975583
9.300000 -1.772646 -1.777077
9.400000 -1.940696 -1.585511
9.500000 -2.090127 -1.405254
9.600000 -2.222210 -1.238828
9.700000 -2.338392 -1.087341
9.800000 -2.440180 -0.950902
9.900000 -2.529056 -0.828959
10.000000 -2.606423 -0.720564
10.100000 -2.673581 -0.624559
10.200000 -2.731706 -0.539701
10.300000 -2.781851 -0.464748
10.400000 -2.824946 -0.398501
10.500000 -2.861804 -0.339834
10.600000 -2.893130 -0.287707
10.700000 -2.919531 -0.241164
10.800000 -2.941520 -0.199333
10.900000 -2.959528 -0.161414
11.000000 -2.973908 -0.126674
11.100000 -2.984946 -0.094437
11.200000 -2.992858 -0.064067
11.300000 -2.997801 -0.034967
11.400000 -2.999874 -0.006560
11.500000 -2.999118 0.021717
11.600000 -2.995516 0.050425
11.700000 -2.988999 0.080132
11.800000 -2.979437 0.111426
11.900000 -2.966641 0.144921
12.000000 -2.950358 0.181276
12.100000 -2.930267 0.221195
12.200000 -2.905975 0.265445
12.300000 -2.877006 0.314864
12.400000 -2.842799 0.370368
12.500000 -2.802697 0.432958
12.600000 -2.755935 0.503722
12.700000 -2.701641 0.583826
12.800000 -2.638818 0.674496
12.900000 -2.566348 0.776984
13.000000 -2.482987 0.892499
13.100000 -2.387378 1.022106
13.200000 -2.278071 1.166568
13.300000 -2.153561 1.326122
13.400000 -2.012362 1.500171
13.500000 -1.853102 1.686905
13.600000 -1.674670 1.882864
13.700000 -1.476402 2.082532
13.800000 -1.258298 2.278085
13.900000 -1.021254 2.459494
14.000000 -0.767256 2.615187
14.100000 -0.499470 2.733365
14.200000 -0.222179 2.803859
14.300000 0.059484 2.820084
14.400000 0.339967 2.780468
14.500000 0.613835 2.688812
14.600000 0.876268 2.553432
14.700000 1.123432 2.385429
14.800000 1.352664 2.196710
14.900000 1.562455 1.998318
15.000000 1.752313 1.799396
15.100000 1.922547 1.606782
15.200000 2.074036 1.425081
15.300000 2.208020 1.257004
15.400000 2.325934 1.103798
15.500000 2.429282 0.965666
15.600000 2.519553 0.842117
15.700000 2.598161 0.732236
15.800000 2.666418 0.634883
15.900000 2.725514 0.548821
16.000000 2.776516 0.472802
16.100000 2.820369 0.405622
16.200000 2.857897 0.346147
16.300000 2.889819 0.293325
16.400000 2.916751 0.246191
16.500000 2.939218 0.203863
16.600000 2.957657 0.165536
16.700000 2.972433 0.130467
16.800000 2.983836 0.097975
16.900000 2.992093 0.067420
17.000000 2.997365 0.038201
17.100000 2.999758 0.009739
17.200000 2.999319 -0.018529
17.300000 2.996040 -0.047165
17.400000 2.989855 -0.076736
17.500000 2.980642 -0.107826
17.600000 2.968219 -0.141048
17.700000 2.952340 -0.177053
17.800000 2.932692 -0.216541
17.900000 2.908890 -0.260271
18.000000 2.880469 -0.309072
18.100000 2.846877 -0.363853
18.200000 2.807467 -0.425604
18.300000 2.761488 -0.495403
18.400000 2.708079 -0.574409
18.500000 2.646259 -0.663843
18.600000 2.574922 -0.764955
18.700000 2.492838 -0.878965
18.800000 2.398663 -1.006959
18.900000 2.290953 -1.149746
19.000000 2.168209 -1.307632
19.100000 2.028938 -1.480132
19.200000 1.871749 -1.665592
19.300000 1.695493 -1.860757
19.400000 1.499446 -2.060356
19.500000 1.283523 -2.256825
19.600000 1.048510 -2.440361
19.700000 0.796263 -2.599509
19.800000 0.529819 -2.722411
19.900000 0.253344 -2.798616
20.000000 -0.028104 -2.821056
